carat  price
0.31  335
0.24  336
0.3  339
0.23  340
0.31  344
0.3  351
0.3  351
0.3  351
0.31  353
0.31  353
0.3  357
0.33  403
0.3  405
1.05  2789
1.05  2789
1  2801
0.93  2807
1  2811
0.99  2812
0.9  2815
0.9  2817
0.9  2822
0.9  2832
0.9  2834
0.75  2850
0.91  2854
0.91  2854
0.91  2854
1.03  2855
0.33  557
0.33  557
0.33  557
0.92  2858
0.9  2860
0.91  2863
0.9  2863
0.9  2871
0.9  2873
0.9  2873
0.9  2873
1  2875
1.02  2879
0.92  2880
1.12  2898
0.91  2905
0.91  2905
0.99  2949
0.91  2956
0.9  2964
0.9  2964
0.9  2964
0.9  2973
0.9  2984
1.06  2992
1.01  2998
0.93  3000
0.9  3024
0.9  3024
1.02  3027
1.14  3045
0.9  3048
0.91  3058
0.9  3061
0.93  3062
0.92  3070
1  3080
0.91  3082
1.01  3088
1.01  3088
0.92  3091
0.9  3102
0.9  3102
0.9  3105
0.91  3112
0.9  3119
1.02  3119
1.02  3119
0.93  3125
0.97  3129
0.9  3141
0.9  3145
0.92  3146
1.03  3149
1.03  3149
1.03  3149
0.95  3154
0.95  3154
1.22  3156
0.9  3160
0.91  3169
0.92  3170
0.92  3170
0.9  3175
0.9  3175
1  3175
0.93  3180
0.91  3181
0.92  3181
0.96  3187
1.03  3188
0.9  3188
1.01  3190
1.01  3190
0.9  3193
0.9  3197
1  3199
1.04  3204
1.01  3207
0.93  3208
0.91  3210
0.92  3215
1.1  3216
0.9  3225
0.9  3231
1  3234
1.03  3246
0.93  3250
0.9  3255
0.91  3256
0.91  3258
1  3265
1.12  3266
0.91  3267
0.96  3269
0.95  3275
1  3276
0.93  3281
1.04  3285
0.91  3290
0.91  3290
1  3293
1  3293
1  3293
1.01  3296
0.91  3296
1.02  3298
0.91  3299
0.91  3299
1.08  3302
0.41  565
0.38  566
0.96  3312
1.24  3312
0.95  3314
0.96  3326
0.92  3332
0.9  3358
1.02  3359
0.95  3365
1.03  3378
0.31  408
0.31  408
0.4  567
0.39  568
1.06  3391
1.05  3395
1.01  3399
1.14  3403
1.04  3407
1  3416
0.9  3418
0.9  3418
1.01  3421
1  3422
1  3422
0.9  3423
0.9  3423
1.04  3425
1  3427
1.09  3443
1.22  3443
1.02  3444
0.9  3445
1.02  3451
0.35  569
0.35  569
1.02  3455
1.05  3457
1.04  3459
0.9  3459
1.01  3462
1  3465
1  3465
0.91  3478
1.02  3483
0.92  3489
1.02  3496
0.9  3498
1.01  3499
1.01  3499
1.01  3499
1.02  3513
1.11  3524
1  3528
1  3528
1.05  3528
1.02  3534
1.02  3534
1.01  3535
1  3536
1.08  3537
1.01  3555
0.95  3558
1.01  3563
1.01  3563
1.01  3563
0.93  3576
1  3580
0.9  3587
1.01  3592
1.05  3593
1.01  3599
1.02  3599
1.02  3599
1.02  3601
1.04  3603
1  3614
1.09  3615
1.05  3616
1  3616
0.9  3617
1.01  3620
1.03  3634
1.12  3638
1.02  3639
1.03  3640
1  3640
0.9  3643
0.93  3651
1.02  3651
1.01  3655
0.9  3656
1.01  3658
1.01  3665
0.91  3666
0.95  3669
1.04  3669
1.06  3672
0.9  3677
1  3679
0.38  572
1  3685
1  3685
1  3690
1.21  3694
1.1  3696
1.31  3697
1.01  3699
1  3712
0.97  3717
1.01  3722
1.1  3726
1.03  3729
1.11  3730
1.01  3732
1.15  3733
1.01  3733
1.03  3738
1.06  3740
1.08  3742
1.02  3745
0.9  3746
1.01  3749
1.03  3749
1.25  3751
1.06  3754
1.02  3755
1.01  3756
1.04  3762
1  3769
1.07  3775
1  3780
1  3780
1  3780
1  3780
1.2  3782
1.07  3783
1  3788
1.01  3790
1  3790
1.24  3791
1.14  3792
1.01  3793
1.03  3795
1.02  3796
1.01  3801
1.04  3810
1.08  3810
0.34  574
1.01  3818
1.05  3822
1.01  3823
1.06  3823
0.91  3826
0.9  3830
1  3835
1.04  3844
1.11  3846
1.01  3853
1.02  3856
1.02  3856
1.02  3856
1.02  3857
1.14  3861
0.91  3863
1  3864
1  3877
1.02  3879
1.2  3880
1.12  3880
1.05  3881
1.29  3884
1.01  3886
1.03  3893
1.01  3897
1.11  3901
1.01  3905
1.01  3906
1.24  3908
1.18  3913
1.11  3916
1  3920
1  3920
1.03  3921
1.03  3922
1.04  3924
1.01  3926
1  3929
1.04  3931
1.06  3932
1.02  3936
1.2  3951
1.12  3951
1.01  3952
1.16  3955
1.03  3957
1.08  3980
1.08  3980
1.01  3982
1.21  3984
1.21  3984
1.13  3987
1  3991
1.01  3997
1.01  3998
0.99  4002
1.03  4008
1.27  4011
1.25  4018
1.15  4021
1.14  4022
1.16  4028
1  4032
1  4032
1.04  4036
1.04  4043
1.09  4046
1.17  4054
1.03  4054
1.11  4056
1.22  4058
1.04  4059
1.12  4064
1.12  4064
1.12  4066
1.11  4073
1.35  4082
1.11  4084
1.11  4092
1.13  4093
1.08  4093
0.95  4098
1.08  4098
1.01  4099
1.2  4099
1.11  4101
1.2  4102
0.32  409
0.35  409
0.36  410
0.3  411
0.3  411
0.31  412
0.3  413
0.32  413
0.34  413
1.07  4105
1.2  4106
1.3  4106
1.2  4113
1.05  4116
1.05  4116
1.01  4120
1.13  4123
1.05  4126
1.01  4129
1.09  4131
1.22  4132
1.01  4133
1.02  4137
1  4144
1  4144
1.05  4145
1.21  4147
1.21  4147
1.08  4152
1.01  4153
1.03  4153
1.1  4157
1.36  4158
1.32  4160
1.14  4173
1.08  4173
1.01  4174
1.03  4175
1.2  4177
1.01  4189
1.21  4191
1.21  4192
1.01  4194
1.01  4194
1.18  4197
1.19  4198
1.05  4199
1.25  4200
1.05  4201
1.13  4206
1.14  4212
1.13  4214
1.1  4217
1.03  4221
1.16  4222
1.07  4224
1.1  4226
1.2  4232
1.2  4234
1.2  4234
1.07  4235
1.05  4253
1.26  4255
1.11  4259
1.01  4262
1.11  4265
1.21  4268
1.21  4269
1.21  4269
1.18  4274
1.1  4275
1.07  4276
1  4278
0.97  4278
1.03  4283
1.11  4283
1.1  4283
1.03  4292
1.18  4294
1.01  4295
1.09  4303
1.21  4312
1.11  4315
1.11  4316
1.16  4323
1.12  4325
1.16  4326
1.19  4329
1.25  4331
0.39  581
0.39  581
0.39  581
0.37  583
0.37  583
1.01  4337
1.23  4338
1.01  4346
1.03  4347
1.15  4347
1.15  4347
1.18  4353
1.02  4354
1.09  4361
1.05  4364
1.13  4371
1.09  4372
1.13  4385
1.1  4390
1.13  4391
1.21  4391
1.03  4395
1.02  4397
1.02  4397
1.05  4405
1.05  4405
1.25  4410
1.06  4413
1.07  4422
1.12  4422
1.12  4422
1.35  4423
1.17  4423
1.01  4425
1.2  4435
1.21  4440
1.08  4443
1.01  4443
1.04  4451
1.2  4455
0.39  586
1.18  4460
1.09  4465
1.2  4466
1  4466
1.04  4469
1.14  4470
1.31  4475
1.2  4476
1.02  4485
1.01  4486
1.31  4490
1.21  4492
1.11  4497
1.19  4498
1.19  4498
1.19  4508
1.2  4509
1.22  4509
1.2  4514
0.41  587
1.2  4516
1.06  4517
1.2  4523
1.08  4524
1.2  4536
1.2  4536
1.1  4537
1  4539
1.27  4542
1.1  4545
1.2  4548
1.04  4550
1.28  4553
1.21  4559
1.09  4565
1.45  4570
1.32  4573
1.21  4574
1.27  4580
1.2  4580
1.03  4582
1.24  4583
1.01  4588
1.2  4590
1.38  4598
1.51  4600
1.07  4602
1.07  4602
1.09  4611
1.2  4611
1.22  4612
1.01  4617
1.01  4617
1.17  4617
1.17  4619
1.1  4624
1  4633
1.08  4633
1.2  4636
1.28  4636
1.2  4637
1.06  4643
1.23  4649
1.22  4652
0.4  589
1.26  4656
1.2  4657
1.32  4657
1.2  4659
1.2  4659
1.27  4660
1.24  4666
1.24  4666
1.21  4675
1.22  4676
1.19  4678
1.2  4685
1.07  4686
1.07  4686
1.24  4687
1.25  4690
1.21  4691
1.27  4693
1.01  4693
1.14  4702
1.25  4702
1.16  4702
1.2  4704
1.14  4708
0.3  416
0.34  417
0.31  418
0.35  591
0.4  591
1.2  4715
1.2  4717
1  4717
1.23  4727
1.24  4737
1.26  4742
1.2  4744
1.2  4744
1.2  4752
1.21  4754
1.19  4761
1.25  4764
1.15  4766
1.21  4770
1.2  4778
1.09  4778
1.27  4779
1.24  4783
1.24  4789
1.22  4793
1.21  4816
1.21  4824
1.2  4830
1.2  4831
1.2  4838
1.2  4838
1.2  4838
1.2  4839
1.12  4840
1.21  4841
1.01  4850
1.11  4854
1.23  4856
1.26  4860
1.22  4861
1.23  4870
1.13  4873
1.24  4875
1.28  4878
1.21  4879
1.17  4883
1.2  4891
1.23  4896
1.14  4905
1.14  4906
1.2  4927
1.27  4931
1.19  4931
1.4  4939
1.23  4959
1.23  4960
1.2  4963
1.28  4967
1.28  4967
1.21  4968
1.21  4968
1.21  4968
1.22  4969
1.35  4974
1.23  4986
1.23  4986
1.23  4986
1.26  4989
1.21  4990
1.23  4992
1.3  4994
0.4  596
1.24  5000
1.2  5002
1.27  5008
1.11  5012
1.26  5015
1.26  5015
1.2  5016
1.27  5021
1.24  5026
1.54  5028
1.21  5028
1.22  5029
1.23  5030
1.09  5034
1.26  5038
1.2  5040
1.22  5042
1.24  5045
1.3  5047
1.11  5051
1.2  5053
1.2  5053
1.22  5056
1.37  5063
1.01  5067
1.25  5067
1.29  5068
0.4  596
0.4  596
1.2  5071
1.25  5073
1.26  5080
1.2  5082
1.2  5083
1.23  5083
1.21  5096
1.21  5096
1.31  5100
1.26  5107
1.2  5107
1.5  5107
1.25  5110
1.26  5114
1.27  5121
1.16  5124
1.3  5124
1.15  5125
1.24  5125
1.24  5128
1.21  5136
1.2  5140
1.3  5140
1.5  5141
1.2  5142
1.15  5152
1.25  5156
1.37  5156
1.62  5157
1.23  5158
1.22  5160
1.25  5166
1.25  5170
1.26  5173
1.14  5174
1.3  5175
1.3  5176
1.23  5181
1.18  5182
1.18  5182
1.22  5192
1.26  5207
1.23  5209
1.29  5209
1.21  5211
1.26  5211
1.36  5215
1.23  5217
1.23  5217
1.27  5224
1.2  5226
1.24  5231
0.36  597
0.4  598
1.21  5232
1.2  5234
1.29  5237
1.04  5242
1.3  5242
1.17  5242
1.33  5251
1.25  5252
1.25  5252
1.2  5257
1.25  5264
1.24  5265
1.21  5266
1.21  5267
1.5  5268
1.5  5268
1.3  5269
1.34  5273
1.21  5275
1.07  5281
1.37  5284
1.27  5285
1.23  5290
1.28  5290
1.22  5297
1.25  5299
1.26  5301
1.23  5304
1.26  5306
1.36  5310
0.4  599
0.4  599
1.2  5318
1.21  5324
1.33  5327
1.51  5327
1.34  5335
1.14  5339
1.21  5341
1.5  5351
1.22  5356
1.34  5358
1.11  5361
1.24  5361
1.13  5370
1.37  5370
1.2  5376
1.31  5382
1.23  5386
1.21  5390
1.19  5390
1.14  5392
1.25  5396
1.26  5398
1.23  5407
0.38  600
1.23  5412
1.24  5412
1.21  5421
1.24  5427
1.21  5431
1.3  5438
1.27  5442
1.24  5443
1.31  5446
1.31  5450
1.24  5451
1.21  5452
1.27  5455
1.27  5455
1.06  5459
1.29  5463
1.31  5480
1.3  5488
1.21  5489
1.21  5489
1.25  5500
1.22  5504
1.23  5504
0.37  601
0.4  603
1.23  5510
1.32  5513
1.27  5518
1.16  5519
1.35  5524
1.27  5530
1.21  5531
1.2  5534
1.5  5536
1.21  5541
1.35  5546
1.31  5546
1.21  5556
1.3  5569
1.3  5569
1.21  5572
1.11  5576
1.22  5586
1.09  5588
1.27  5588
1.2  5601
0.41  604
1.21  5604
1.21  5604
1.27  5606
1.25  5607
1.29  5607
1.35  5613
1.27  5618
1.52  5618
1.64  5624
1.25  5628
1.25  5628
1.25  5637
1.29  5646
1.22  5649
1.21  5653
1.07  5661
1.23  5665
1.27  5669
1.21  5674
1.29  5676
1.27  5690
1.21  5707
0.38  605
1.35  5715
1.2  5722
1.36  5723
1.3  5728
1.25  5740
1.34  5748
1.35  5759
1.28  5759
1.27  5761
1.23  5763
1.38  5765
1.56  5766
1.23  5768
1.29  5771
1.34  5778
1.29  5779
1.24  5783
1.24  5783
1.33  5785
1.34  5787
1.28  5795
1.32  5800
1.51  5801
1.32  5808
1.29  5815
1.16  5831
1.37  5831
1.3  5832
1.5  5846
1.33  5852
1.33  5857
1.35  5862
1.24  5866
1.31  5876
1.27  5885
1.21  5893
1.29  5898
1.5  5902
1.22  5910
1.38  5912
1.33  5913
1.65  5914
1.5  5914
1.52  5916
1.27  5925
1.3  5951
1.35  5969
1.38  5969
1.25  5975
1.25  5980
1.33  5996
1.21  6001
1.5  6006
1.34  6010
1.23  6015
1.57  6031
1.5  6048
1.35  6048
1.22  6052
1.32  6079
1.25  6084
1.52  6089
1.37  6091
1.29  6097
1.23  6100
1.31  6101
1.51  6104
1.62  6112
1.33  6118
1.35  6124
1.53  6126
1.31  6137
1.4  6139
1.4  6145
1.32  6147
1.36  6157
0.4  606
0.4  606
0.41  606
1.51  6171
1.38  6175
1.26  6186
1.33  6190
1.54  6194
1.22  6201
1.54  6202
1.51  6215
1.62  6223
1.47  6223
1.31  6236
1.34  6237
1.34  6237
1.39  6252
1.35  6254
1.38  6260
1.35  6281
1.32  6288
1.21  6299
1.5  6306
1.56  6306
1.45  6316
1.71  6320
1.29  6327
1.26  6332
1.3  6334
1.3  6334
1.31  6337
1.37  6339
1.51  6342
1.4  6350
1.29  6356
1.39  6366
1.52  6367
1.53  6368
1.66  6377
1.46  6387
1.51  6394
1.35  6396
1.3  6405
1.5  6421
1.27  6430
1.33  6442
1.33  6449
1.38  6494
1.51  6511
1.5  6523
1.51  6546
1.43  6546
1.43  6579
1.36  6626
1.57  6629
1.4  6633
1.55  6635
1.24  6639
1.53  6659
1.56  6662
1.56  6662
0.36  421
0.32  421
0.32  421
0.32  421
0.41  611
0.41  611
1.45  6671
1.51  6680
1.5  6687
1.57  6702
1.51  6712
1.56  6727
1.5  6745
1.5  6746
1.5  6750
1.5  6750
1.35  6754
1.41  6754
1.47  6763
1.51  6773
1.43  6789
1.25  6793
1.55  6805
0.4  612
0.4  612
1.5  6806
1.31  6822
1.39  6831
1.51  6851
1.51  6851
1.51  6851
1.72  6857
1.41  6889
1.55  6890
1.52  6897
1.29  6918
1.73  6927
1.51  6936
1.51  6942
1.56  6966
1.55  6966
1.36  6973
1.51  6976
1.51  6976
1.51  6976
1.45  6980
1.52  6982
1.5  6987
1.5  6987
1.56  6996
1.52  7022
1.51  7034
1.51  7062
1.62  7072
1.56  7094
1.52  7109
1.51  7125
1.51  7136
0.41  613
0.41  613
0.41  613
0.41  613
0.41  613
1.51  7139
1.56  7144
1.59  7155
1.51  7162
1.5  7177
1.5  7177
1.5  7177
1.52  7186
1.57  7190
1.47  7203
1.51  7207
1.39  7239
1.52  7239
1.61  7245
1.51  7255
1.5  7258
1.5  7308
1.5  7308
1.5  7308
1.51  7314
1.37  7319
1.54  7349
1.52  7356
1.51  7357
1.46  7358
1.5  7368
1.52  7370
1.52  7370
1.5  7402
1.64  7409
1.55  7416
1.51  7418
1.51  7418
1.51  7418
1.51  7418
1.51  7418
1.53  7418
1.56  7424
1.5  7428
1.51  7441
1.54  7453
1.51  7455
1.7  7464
1.52  7467
0.39  616
0.39  616
0.39  616
0.39  616
0.38  617
1.51  7476
1.45  7477
1.52  7491
1.5  7492
1.55  7502
1.5  7503
1.5  7503
1.52  7504
1.52  7504
1.71  7508
1.5  7515
1.5  7518
1.5  7520
1.51  7544
1.6  7550
1.6  7550
1.53  7550
1.51  7553
1.51  7553
1.51  7553
1.51  7553
1.51  7553
1.51  7553
1.53  7554
1.51  7557
1.64  7579
1.54  7589
1.58  7592
1.58  7592
1.41  7636
1.51  7637
1.55  7638
1.57  7640
1.7  7650
1.51  7651
1.68  7652
1.58  7654
1.53  7677
1.54  7695
1.61  7695
1.59  7695
1.71  7695
1.61  7703
1.7  7713
1.53  7721
1.53  7730
1.7  7730
1.55  7733
1.57  7737
1.64  7739
1.52  7740
1.72  7741
1.51  7744
1.64  7750
1.71  7757
1.52  7758
1.52  7759
1.56  7763
1.77  7771
1.42  7773
1.56  7809
1.59  7811
1.51  7812
1.57  7813
1.5  7819
1.51  7822
1.57  7832
1.57  7832
1.5  7832
0.41  621
1.59  7836
1.5  7840
1.61  7844
1.73  7847
1.51  7847
1.51  7848
1.51  7848
1.51  7848
1.52  7899
1.65  7903
1.6  7903
1.56  7904
1.55  7911
1.67  7911
1.42  7942
1.65  7943
1.59  7943
1.51  7953
1.59  7953
1.5  7983
1.55  7987
1.55  7987
1.51  7991
1.67  8013
1.5  8014
1.51  8033
1.57  8035
1.5  8039
1.88  8048
1.51  8049
1.51  8049
1.47  8055
1.55  8055
1.51  8057
1.58  8057
1.53  8058
1.53  8058
1.51  8067
1.62  8075
1.55  8076
1.55  8088
1.51  8092
2.01  8104
1.56  8107
1.77  8109
1.52  8110
1.52  8110
1.52  8131
1.7  8134
1.6  8138
1.7  8146
1.51  8170
1.59  8176
1.62  8183
1.52  8202
1.51  8203
1.51  8204
1.53  8205
1.53  8205
1.54  8207
1.52  8216
1.52  8217
1.51  8217
1.57  8221
1.59  8227
1.77  8257
1.52  8258
1.52  8258
1.51  8271
1.54  8275
1.41  8275
1.5  8276
1.7  8282
0.37  624
0.37  624
1.51  8298
1.55  8301
1.72  8324
1.56  8324
1.59  8325
1.65  8334
1.5  8347
1.81  8362
1.57  8363
1.74  8364
1.52  8366
1.51  8371
1.5  8391
1.5  8415
1.6  8418
1.52  8426
1.52  8427
1.5  8427
1.5  8467
1.56  8476
1.54  8479
1.66  8487
1.66  8496
1.55  8498
1.7  8505
1.59  8515
1.59  8515
1.51  8524
1.51  8524
1.51  8524
1.51  8524
1.59  8526
1.57  8538
1.71  8540
1.55  8548
0.32  421
1.51  8550
1.5  8568
1.52  8580
1.55  8593
1.57  8595
1.5  8603
1.52  8608
1.65  8610
1.5  8622
2.02  8640
1.54  8652
1.5  8662
1.51  8678
1.59  8681
1.52  8687
1.72  8688
1.71  8690
1.71  8690
1.74  8690
1.73  8703
1.51  8706
1.5  8712
1.51  8735
1.5  8736
1.55  8749
1.57  8752
1.7  8758
1.5  8760
1.56  8763
1.51  8770
1.51  8770
1.51  8770
1.51  8789
1.84  8828
1.71  8831
1.75  8840
1.77  8840
1.71  8848
1.54  8848
1.52  8861
2  8870
1.6  8870
1.7  8870
1.5  8870
1.6  8886
1.71  8887
1.51  8888
1.78  8889
1.5  8896
1.72  8900
1.6  8904
1.59  8925
1.51  8930
1.51  8930
1.51  8930
1.53  8943
2.01  8949
1.55  8959
1.51  8981
1.52  9014
1.6  9032
1.76  9053
2.02  9095
1.73  9105
1.61  9141
1.53  9155
1.73  9165
1.71  9170
1.54  9171
2  9193
1.79  9205
1.74  9208
1.54  9215
1.7  9225
1.5  9240
1.64  9251
1.7  9253
1.73  9271
1.7  9276
1.54  9285
2  9296
1.5  9306
1.76  9314
1.53  9322
1.51  9334
1.57  9346
1.7  9380
1.54  9383
1.53  9384
1.56  9404
1.7  9414
1.53  9424
1.77  9428
2.03  9435
2.04  9482
1.59  9494
1.73  9510
1.57  9516
1.9  9540
1.52  9541
1.53  9555
1.7  9586
1.52  9593
1.53  9596
1.75  9663
1.6  9681
1.7  9683
1.57  9683
1.77  9704
1.71  9707
2.01  9725
2.02  9728
0.41  627
2.01  9793
1.5  9814
1.63  9819
1.64  9836
2.02  9853
1.66  9882
1.75  9890
1.7  9901
1.7  9939
1.87  9955
1.7  10002
1.6  10011
1.66  10062
1.73  10076
0.42  628
1.82  10090
1.8  10107
1.79  10108
1.87  10137
1.7  10165
1.61  10165
2.19  10179
2.14  10306
1.71  10309
1.86  10312
1.61  10350
1.58  10357
2.01  10401
2.01  10412
1.71  10428
1.75  10429
1.72  10477
2.01  10490
1.79  10581
1.7  10589
1.75  10619
1.79  10658
2.22  10662
2.02  10666
1.75  10681
1.68  10681
1.83  10709
2.38  10716
0.38  629
0.38  629
0.43  629
0.3  630
1.71  10778
1.86  10798
1.7  10808
1.71  10821
1.9  10885
2  10907
1.71  10945
1.7  11005
2.01  11011
2  11036
1.74  11050
2  11106
2.01  11110
1.77  11150
2.02  11165
1.76  11177
2.01  11188
2  11189
2  11189
1.74  11194
2.04  11209
2.01  11212
2.06  11234
2.04  11276
2.02  11314
1.8  11329
2.06  11337
0.31  424
0.31  424
0.4  631
0.4  631
0.4  631
1.52  11392
2  11404
2.01  11406
1.83  11406
1.91  11447
2.02  11463
2.02  11475
2.07  11500
2  11510
2.01  11526
2.01  11554
2.01  11566
2.09  11576
1.75  11609
2.33  11638
2.01  11660
2.11  11663
2.01  11703
1.71  11711
2.06  11746
2.02  11757
2.02  11757
2.06  11764
0.4  631
0.4  631
0.4  631
2  11792
2  11792
2  11793
2.45  11843
2.06  11854
2  11899
2  11899
2.03  11951
2  11966
2  11966
2.03  11968
2.03  11968
2.24  11970
2  11988
2.12  12030
2.01  12048
2.01  12048
2.01  12048
2.01  12048
2.03  12078
2.03  12078
2.01  12084
2.01  12084
2.04  12095
2.01  12105
2.12  12140
2.08  12179
2.1  12196
2  12196
0.4  633
0.4  633
0.4  633
2.01  12209
2.01  12209
2.21  12215
2.01  12257
2.01  12257
2.02  12267
2.03  12268
2.03  12268
2.36  12286
2  12308
2.1  12308
2.3  12316
2.21  12327
2  12342
2.38  12364
2.01  12369
2.01  12369
2.01  12369
2.31  12369
2.03  12380
2.03  12380
2.1  12381
2.01  12392
2.01  12392
2.1  12401
2.01  12403
2.01  12407
2.01  12407
2.02  12431
2  12433
2.11  12440
2.11  12440
2.4  12468
2.03  12492
2.1  12494
2.3  12499
2.03  12531
2.01  12541
2.11  12554
2.04  12554
2.11  12554
2.01  12565
2.02  12591
2.02  12598
2.01  12607
0.42  636
0.41  637
0.41  637
2.08  12637
2.05  12654
2.23  12655
1.89  12674
2.01  12683
2.01  12690
2.04  12696
2.02  12713
2.03  12716
2.02  12736
2.28  12755
2  12768
2.23  12770
2.11  12771
2.07  12778
2.02  12798
2.29  12811
2.01  12814
2.02  12832
2.02  12832
2.01  12845
2.18  12853
2.03  12862
2.02  12884
2.02  12915
2.34  12961
2.01  12963
2.01  12968
2.18  12970
2.03  12979
2.08  13038
2  13043
2.11  13046
2.2  13065
2.23  13069
2.09  13092
2.01  13109
2  13113
2.02  13132
2.01  13133
2.13  13148
2  13162
2.29  13200
2  13203
2.14  13205
2.09  13212
2.01  13219
2.01  13228
2.01  13228
2.01  13253
2  13263
2.14  13326
1.99  13338
2.1  13340
2.19  13355
2.03  13357
2.17  13395
2.02  13399
2.01  13400
2.1  13462
2.04  13477
2.07  13495
2.02  13499
2  13542
2  13542
2  13542
2.05  13543
2.04  13550
2  13552
0.4  641
2.17  13556
2.3  13560
2.02  13564
2.01  13572
2.22  13579
2.01  13596
2.25  13597
2.04  13600
2.04  13609
2.01  13619
2.15  13622
2.21  13642
2.32  13654
2.05  13667
2.07  13675
2  13675
2.02  13687
2.02  13693
2.29  13701
2.22  13703
2.22  13703
2.29  13726
2.07  13731
2.08  13732
2.04  13734
2.01  13744
2.01  13744
2.15  13746
2.17  13782
2.22  13782
2.07  13800
2.18  13812
2.02  13812
2.04  13825
2.24  13827
2.09  13864
2.03  13880
2.1  13930
2.23  13931
2.18  13938
2.06  13948
2.13  13996
2.11  13996
2.05  14037
2.14  14065
0.39  642
2.03  14083
2.05  14111
2.06  14119
2.01  14125
2.23  14129
2.04  14130
2.28  14220
2.05  14224
2.1  14229
2.23  14258
2  14323
2.16  14328
2.02  14330
2.28  14350
2.1  14359
2.35  14399
2.01  14402
2  14403
2.05  14411
2.29  14500
2.5  14502
2.12  14503
2.04  14527
2.14  14556
2.03  14579
2.03  14588
2.2  14593
2.11  14638
2.5  14652
2.04  14660
2.32  14666
2.32  14666
2.16  14691
2.33  14711
2.16  14715
2.23  14732
2.06  14750
2.02  14766
2.33  14801
2.14  14802
2.01  14812
2.31  14830
2.23  14867
2.08  14933
2  14973
2.05  14973
2.09  15035
2.2  15064
2.05  15067
2  15076
2.05  15109
2.13  15110
2.09  15172
2.01  15185
2.2  15201
2  15214
2.02  15231
2.56  15231
0.38  645
2.5  15246
2.13  15258
2.25  15287
2.24  15316
2.41  15320
2.31  15323
2.2  15384
2.47  15430
2.05  15450
2.18  15465
2.15  15613
2.16  15714
2.11  15766
2.52  15776
2.4  15824
2.01  15836
2.03  15898
2.4  15920
2.5  15990
2.53  15993
2.25  16004
2.23  16025
2.03  16043
2.37  16059
2.3  16062
2.31  16100
2.38  16126
2.28  16174
2.42  16198
2.42  16198
2.42  16198
2.38  16273
2.4  16274
2.51  16278
2.4  16304
2.01  16319
2.28  16369
2.02  16397
2.51  16427
2.18  16427
2.18  16427
2.28  16450
2.59  16465
2.46  16466
0.3  427
0.3  427
0.31  429
0.31  429
2.47  16532
2.44  16533
3.01  16538
2.28  16564
2.28  16592
2.07  16617
2.05  16641
2.4  16687
2.22  16689
2.07  16769
2.37  16789
2.39  16791
2.05  16793
2.51  16842
2.63  16914
2.49  16915
2.53  16934
2.27  16994
2.26  17010
2.5  17028
2.27  17051
2.32  17053
2.27  17149
2.74  17164
2.42  17168
2.42  17168
2.56  17186
2.6  17209
2.61  17209
2.05  17214
2.04  17327
2.39  17365
2.31  17451
2.51  17452
2.44  17472
2.36  17534
2.1  17606
2.56  17753
2.72  17801
2.36  17829
2.32  17891
2.16  17891
2.39  17920
0.41  647
0.41  647
0.41  647
0.41  647
0.41  647
0.41  647
0.41  647
0.41  647
2.08  17986
2.51  18020
2.45  18113
2.5  18325
2.6  18369
2.29  18426
2.44  18430
2.57  18485
2.37  18508
2.38  18559
2.29  18594
2.42  18615
2.43  18692
3.01  18710
3.01  18710
0.41  648
0.41  648
0.41  648
0.41  648
0.41  651
0.4  658
0.38  658
0.31  430
0.4  662
0.4  662
0.4  662
0.4  662
0.42  663
0.42  664
0.38  666
0.31  363
0.31  363
0.31  363
0.31  363
0.32  365
0.33  366
0.24  432
0.38  670
0.45  672
0.42  673
0.41  674
0.41  674
0.41  674
0.4  675
0.33  434
0.33  434
0.33  434
0.29  435
0.43  679
0.42  680
0.32  684
0.32  684
0.32  684
0.39  687
0.41  693
0.44  694
0.44  694
0.44  694
0.41  703
0.43  703
0.4  704
0.43  706
0.3  439
0.3  439
0.36  439
0.3  439
0.3  441
0.32  442
0.27  443
0.41  707
0.43  708
0.43  710
0.35  446
0.35  446
0.39  718
0.39  718
0.39  718
0.45  720
0.42  723
0.42  723
0.34  447
0.44  726
0.38  727
0.43  731
0.41  731
0.41  732
0.4  734
0.47  740
0.46  746
0.39  746
0.39  746
0.39  746
0.41  754
0.4  756
0.4  758
0.47  764
0.4  765
0.4  765
0.4  765
0.4  765
0.39  767
0.3  367
0.3  368
0.3  368
0.3  368
0.3  368
0.3  450
0.3  450
0.3  450
0.33  450
0.33  451
0.39  451
0.37  451
0.38  770
0.4  772
0.43  774
0.41  775
0.41  775
0.41  775
0.41  775
0.41  775
0.41  777
0.38  778
0.41  784
0.41  784
0.41  784
0.31  453
0.31  453
0.31  453
0.31  453
0.37  454
0.37  454
0.33  456
0.39  790
0.39  790
0.39  790
0.39  790
0.41  797
0.36  459
0.4  810
0.4  810
0.4  810
0.4  810
0.4  810
0.4  810
0.35  460
0.31  461
0.4  820
0.38  827
0.41  827
0.41  827
0.44  828
0.4  828
0.4  828
0.4  828
0.4  828
0.41  830
0.41  830
0.41  830
0.41  830
0.41  830
0.41  830
0.41  830
0.41  830
0.44  834
0.3  464
0.3  464
0.34  464
0.46  851
0.42  851
0.47  854
0.38  855
0.53  856
0.31  465
0.31  465
0.31  465
0.31  465
0.31  468
0.32  468
0.48  861
0.47  867
0.51  872
0.34  469
0.37  469
0.46  874
0.5  875
0.5  877
0.3  373
0.32  374
0.32  374
0.32  374
0.28  375
0.51  885
0.43  890
0.44  891
0.44  891
0.44  891
0.5  895
0.3  473
0.3  473
0.3  473
0.3  473
0.52  896
0.49  900
0.5  912
0.5  915
0.31  476
0.39  921
0.39  921
0.39  921
0.52  924
0.51  930
0.52  930
0.57  941
0.5  947
0.5  949
0.43  952
0.47  953
0.46  953
0.46  953
0.51  956
0.56  957
0.5  959
0.35  478
0.32  480
0.5  963
0.5  963
0.54  964
0.5  965
0.55  965
0.55  969
0.51  977
0.32  480
0.32  480
0.35  483
0.3  483
0.45  978
0.54  978
0.55  982
0.47  983
0.51  984
0.51  984
0.5  984
0.51  988
0.51  988
0.5  990
0.48  991
0.41  994
0.41  994
0.41  994
0.41  994
0.53  996
0.51  996
0.53  999
0.5  1000
0.53  1002
0.51  1004
0.51  1008
0.51  1008
0.53  1014
0.31  379
0.31  380
0.31  380
0.31  380
0.31  380
0.3  384
0.3  384
0.32  384
0.37  487
0.37  487
0.31  488
0.46  1018
0.46  1018
0.52  1019
0.51  1020
0.51  1020
0.6  1022
0.53  1023
0.53  1023
0.53  1023
0.5  1023
0.51  1023
0.52  1030
0.5  1034
0.55  1034
0.5  1035
0.57  1037
0.53  1038
0.31  488
0.31  488
0.31  488
0.3  489
0.3  489
0.54  1042
0.53  1042
0.53  1044
0.51  1047
0.56  1050
0.5  1054
0.59  1055
0.55  1059
0.5  1059
0.41  1061
0.41  1061
0.55  1062
0.4  1063
0.4  1063
0.4  1063
0.4  1063
0.63  1065
0.43  490
0.51  1071
0.51  1071
0.57  1072
0.48  1080
0.54  1080
0.51  1080
0.51  1080
0.51  1080
0.5  1082
0.3  491
0.58  1089
0.58  1090
0.53  1093
0.56  1094
0.58  1095
0.5  1099
0.55  1100
0.57  1100
0.55  1100
0.55  1101
0.62  1101
0.5  1105
0.53  1106
0.57  1113
0.53  1114
0.62  1116
0.56  1119
0.53  1122
0.53  1122
0.53  1122
0.53  1124
0.32  494
0.32  494
0.61  1125
0.5  1125
0.54  1129
0.56  1131
0.55  1133
0.55  1134
0.63  1134
0.5  1134
0.52  1141
0.52  1141
0.64  1141
0.61  1143
0.54  1143
0.58  1147
0.61  1149
0.52  1151
0.37  497
0.34  497
0.33  499
0.55  1165
0.62  1166
0.5  1166
0.55  1172
0.61  1174
0.57  1176
0.55  1179
0.32  499
0.63  1181
0.5  1188
0.66  1188
0.58  1196
0.57  1207
0.65  1214
0.65  1214
0.53  1218
0.46  1221
0.56  1224
0.58  1227
0.59  1228
0.54  1229
0.56  1232
0.56  1232
0.61  1233
0.58  1233
0.57  1235
0.55  1238
0.32  389
0.32  393
0.32  393
0.32  393
0.32  393
0.34  504
0.32  504
0.32  504
0.32  504
0.32  504
0.32  504
0.32  504
0.54  1239
0.54  1240
0.62  1253
0.59  1257
0.55  1260
0.59  1261
0.6  1262
0.58  1266
0.57  1270
0.65  1276
0.56  1280
0.59  1287
0.62  1297
0.71  1305
0.6  1306
0.66  1316
0.58  1324
0.58  1324
0.59  1330
0.68  1341
0.55  1348
0.59  1352
0.71  1362
0.52  1363
0.3  506
0.3  506
0.3  506
0.3  506
0.3  506
0.3  506
0.3  506
0.3  506
0.3  506
0.3  506
0.3  506
0.6  1378
0.52  1385
0.52  1395
0.3  506
0.3  506
0.3  506
0.3  506
0.71  1409
0.62  1415
0.71  1435
0.7  1442
0.33  509
0.36  513
0.38  513
0.32  393
0.32  393
0.3  394
0.3  394
0.3  394
0.3  394
0.3  394
0.3  394
0.72  1547
0.55  1550
0.63  1565
0.61  1569
0.72  1579
0.32  521
0.72  1579
0.67  1581
0.75  1588
0.57  1592
0.57  1606
0.57  1606
0.7  1609
0.71  1609
0.71  1609
0.7  1619
0.71  1626
0.31  523
0.31  523
0.71  1643
0.71  1644
0.73  1654
0.7  1657
0.7  1657
0.72  1663
0.7  1666
0.7  1666
0.72  1666
0.72  1667
0.7  1672
0.71  1675
0.71  1690
0.7  1691
0.61  1692
0.36  525
0.38  525
0.38  525
0.38  525
0.7  1699
0.64  1709
0.71  1713
0.54  1720
0.35  526
0.7  1723
0.7  1735
0.7  1735
0.71  1755
0.71  1760
0.72  1762
0.71  1764
0.7  1764
0.7  1767
0.71  1774
0.7  1775
0.7  1782
0.72  1785
0.4  526
0.7  1788
0.72  1788
0.7  1790
0.77  1792
0.73  1802
0.71  1805
0.77  1807
0.76  1809
0.72  1814
0.72  1814
0.7  1815
0.7  1815
0.36  527
0.33  529
0.7  1817
0.71  1821
0.7  1824
0.7  1824
0.71  1826
0.7  1826
0.7  1827
0.75  1827
0.7  1827
0.79  1828
0.72  1832
0.7  1832
0.72  1832
0.76  1833
0.7  1836
0.8  1838
0.71  1841
0.7  1843
0.77  1843
0.71  1843
0.7  1843
0.7  1843
0.7  1843
0.7  1844
0.7  1844
0.3  394
0.3  394
0.3  394
0.3  394
0.3  394
0.3  394
0.3  394
0.3  394
0.31  396
0.31  396
0.72  1846
0.72  1853
0.71  1853
0.7  1855
0.76  1859
0.75  1859
0.71  1861
0.72  1864
0.72  1864
0.72  1864
0.72  1866
0.71  1869
0.75  1869
0.7  1874
0.7  1874
0.7  1874
0.72  1875
0.73  1877
0.72  1879
0.71  1881
0.72  1886
0.71  1889
0.7  1896
0.76  1896
0.7  1896
0.71  1899
0.71  1901
0.71  1902
0.73  1902
0.7  1904
0.72  1904
0.76  1904
0.73  1905
0.7  1907
0.77  1909
0.77  1909
0.74  1912
0.74  1913
0.72  1914
0.71  1917
0.81  1917
0.71  1917
0.38  532
0.32  533
0.32  533
0.32  533
0.71  1922
0.7  1922
0.7  1922
0.71  1922
0.74  1923
0.75  1923
0.79  1924
0.72  1926
0.7  1926
0.72  1929
0.71  1930
0.74  1931
0.71  1932
0.71  1932
0.7  1937
0.71  1940
0.77  1940
0.7  1940
0.7  1940
0.7  1940
0.72  1941
0.72  1944
0.75  1944
0.75  1944
0.72  1944
0.91  1945
0.7  1945
0.76  1949
0.7  1949
0.86  1950
0.73  1952
0.7  1952
0.7  1953
0.7  1953
0.78  1954
0.77  1956
0.73  1956
0.75  1958
0.75  1958
0.7  1959
0.7  1959
0.72  1959
0.74  1963
0.88  1964
0.75  1965
0.72  1966
0.72  1966
0.71  1968
0.7  1968
0.7  1971
0.7  1974
0.7  1974
0.74  1978
0.71  1979
0.7  1979
0.71  1981
0.74  1982
0.74  1985
0.71  1986
0.72  1987
0.72  1988
0.72  1989
0.71  1993
0.72  1996
0.7  1997
0.75  1998
0.7  2000
0.77  2001
0.77  2001
0.34  536
0.75  2001
0.71  2001
0.74  2003
0.7  2005
0.77  2005
0.77  2005
0.72  2006
0.77  2010
0.77  2010
0.76  2015
0.8  2016
0.8  2022
0.83  2022
0.78  2022
0.75  2025
0.76  2026
0.76  2026
0.72  2028
0.73  2031
0.82  2033
0.82  2033
0.71  2034
0.78  2035
0.78  2035
0.76  2036
0.73  2037
0.73  2037
0.7  2042
0.72  2043
0.7  2044
0.8  2045
0.71  2047
0.7  2047
0.79  2048
0.38  538
0.91  2048
0.71  2052
0.76  2052
0.59  2053
0.73  2054
0.74  2058
0.71  2061
0.71  2062
0.72  2062
0.72  2066
0.72  2066
0.8  2074
0.75  2083
0.82  2083
0.71  2085
0.77  2086
0.8  2088
0.39  539
0.35  540
0.72  2093
0.7  2096
0.7  2096
0.73  2098
0.72  2099
0.81  2100
0.73  2101
0.73  2101
0.75  2104
0.74  2106
0.7  2107
0.72  2112
0.73  2121
0.72  2123
0.81  2129
0.72  2136
0.72  2136
0.72  2139
0.32  540
0.32  540
0.32  540
0.32  540
0.82  2140
0.82  2140
0.72  2144
0.77  2147
0.76  2148
0.72  2150
0.7  2150
0.74  2154
0.72  2154
0.77  2155
0.77  2159
0.83  2159
0.75  2161
0.71  2162
0.85  2163
0.78  2164
0.76  2167
0.82  2168
0.78  2169
0.74  2170
0.82  2175
0.72  2177
0.73  2184
0.83  2195
0.95  2195
0.81  2199
0.79  2199
0.8  2202
0.72  2203
0.76  2206
0.72  2208
0.71  2218
0.8  2224
0.71  2226
0.71  2226
0.8  2227
0.36  541
0.32  544
0.83  2241
0.83  2241
0.72  2249
0.75  2250
0.77  2257
0.77  2257
0.73  2258
0.76  2262
0.7  2264
0.74  2277
0.85  2278
0.72  2279
0.81  2283
0.82  2283
0.31  400
0.31  400
0.8  2292
0.77  2292
0.85  2295
0.79  2300
0.87  2300
0.75  2300
0.96  2304
0.81  2307
0.76  2307
0.83  2311
0.83  2311
0.78  2312
0.82  2313
0.8  2321
0.87  2321
0.95  2322
0.81  2350
0.78  2365
0.85  2366
0.97  2370
0.85  2372
0.84  2376
0.87  2379
0.91  2390
1.03  2392
0.78  2426
0.9  2438
0.93  2438
0.85  2442
0.83  2444
0.81  2455
0.78  2456
0.84  2456
0.74  2468
0.9  2482
0.81  2482
0.73  2482
0.8  2487
1.01  2488
0.84  2493
0.96  2517
0.77  2532
0.9  2536
0.97  2538
0.84  2544
0.83  2570
0.4  552
1.01  2602
1.02  2611
0.81  2626
1  2657
1.01  2683
1.01  2683
1.01  2683
0.9  2686
0.9  2691
0.9  2693
0.9  2693
0.71  2700
1.05  2705
0.81  2708
0.84  2709
0.9  2717
0.9  2717
0.9  2717
0.9  2729
0.82  2741
0.83  2742
0.9  2753
